6.283185307179586,30.758320832285897,-3.069500841980388
6.341381369501695,30.758095288047024,-3.0978885644432075
6.400116454867725,30.757865553788815,-3.126538027297531
6.459395555812055,30.757631551814345,-3.155451621496315
6.5192237111108735,30.75739320298579,-3.184631759208063
6.57960600621047,30.757150426707504,-3.2140808739866786
6.640547573659517,30.75690314089232,-3.24380142094337
6.702053593545328,30.756651261939368,-3.273795876919098
6.764129293934173,30.756394704701435,-3.3040667406567743
6.826779951315674,30.75613338246019,-3.334616532976626
6.890010891051307,30.755867206897104,-3.3654477969503582
6.953827487827062,30.755596088063655,-3.396563098077026
7.018235166110298,30.755319934349835,-3.4279650244587803
7.083239400610825,30.755038652455745,-3.4596561869784184
7.148845716746263,30.75475214736121,-3.4916392194779835
7.215059691111703,30.75446032229078,-3.5239167789361785
7.281886951953728,30.75416307868641,-3.556491545648797
7.349333179648814,30.75386031617255,-3.589366223408702
7.417404107186166,30.753551932521866,-3.6225435396853385
7.486105520655037,30.753237823621458,-3.656026245807651
7.555443259736535,30.752917883442613,-3.6898171171454157
7.625423218200015,30.752592004000636,-3.7239189532930697
7.696051344404051,30.75226007532072,-3.758334578249728
7.767333641802044,30.75192198540448,-3.7930668406074974
7.8392761694525355,30.751577620188954,-3.8281186137321113
7.911885042534215,30.751226863510816,-3.863492795950028
7.985166432865732,30.750869597069666,-3.8991923107328006
8.059126569430296,30.750505700385794,-3.9352201068826855
8.13377173890515,30.750135050764978,-3.9715791587205826
8.209108286195939,30.7497575232506,-4.008272466269778
8.28514261497604,30.749372990592278,-4.045303055445356
8.361881188230877,30.748981323198347,-4.082673978241642
8.43933052880727,30.748582389092476,-4.120388312917885
8.517497219967904,30.748176053873777,-4.1584491641872425
8.596387905950893,30.74776218066983,-4.196859663405507
8.676009292534557,30.747340630096225,-4.235622968758841
8.756368147607411,30.746911260203852,-4.27474226545145
8.83747130174345,30.74647392644036,-4.3142207658955884
8.91932564878275,30.746028481597744,-4.354061709899754
9.001938146417448,30.745574775764027,-4.394268364855729
9.085315816783156,30.745112656277918,-4.434844025929511
9.169465747055845,30.744641967678582,-4.475792016248935
9.254395090054267,30.7441625516499,-4.517115687090952
9.340111064847946,30.743674246977793,-4.558818418072369
9.426620957370803,30.743176889486755,-4.600903617334329
9.513932121040476,30.742670311997024,-4.643374721733309
9.602051977383361,30.742154344262854,-4.686235197026172
9.690988016665443,30.741628812922357,-4.729488538058538
9.780747798528989,30.741093541438573,-4.773138268950586
9.871338952635108,30.74054835004212,-4.8171879432824065
9.962769179312296,30.739993055673036,-4.861641144280834
10.055046250210959,30.739427471924774,-4.906501485002955
10.148178008964008,30.738851408979812,-4.9517726085202804
10.242172371853588,30.738264673550923,-4.9974581881016835
10.33703732848396,30.737667068818922,-5.043561927396626
10.432780942460619,30.737058394366116,-5.090087560615579
10.529411352075718,30.736438446117027,-5.137038852710114
10.62693677099983,30.73580701626979,-5.184419599553242
10.72536548898011,30.735163893226662,-5.232233628116005
10.824705872544932,30.734508861532884,-5.280484796644643
10.924966365715058,30.733841701804447,-5.329176994837272
11.026155490721383,30.73316219065362,-5.378314144015517
11.128281848729326,30.73247010062658,-5.427900197298318
11.231354120569952,30.731765200121785,-5.477939139771992
11.335381067477835,30.73104725332278,-5.52843498865962
11.44037153183578,30.730316020119176,-5.57939179348708
11.546334437926424,30.729571256031004,-5.630813636250047
11.653278792690822,30.728812712134022,-5.682704631574422
11.761213686494036,30.728040134977952,-5.735068926879868
11.870148293897822,30.72725326650523,-5.787910702536199
11.98009187444048,30.72645184397207,-5.841234172020422
12.091053773423923,30.725635599863452,-5.895043582070353
12.203043422708038,30.724804261811045,-5.949343212834823
12.316070341512395,30.72395755250442,-6.00413737802346
12.430144137225394,30.723095189605253,-6.059430425048504
12.545274506220908,30.722216885661354,-6.115226735171854
12.661471234682464,30.72132234801058,-6.171530723638586
12.778744199435103,30.72041127869493,-6.22834683981674
12.897103368784897,30.71948337436369,-6.285679567326669
13.016558803366275,30.718538326180802,-6.3435334241702055
13.137120656997189,30.717575819725838,-6.401912962854713
13.258799177542187,30.716595534901337,-6.460822770515826
13.38160470778349,30.715597145828333,-6.520267469030357
13.505547686300156,30.714580320747082,-6.580251715130719
13.630638648355346,30.71354472191407,-6.6407802005109
13.756888226791848,30.712490005498765,-6.701857651931225
13.88430715293586,30.711415821476873,-6.763488831314622
14.012906257509181,30.71032181352319,-6.825678535840594
14.142696471549824,30.709207618899082,-6.888431598032061
14.273688827341164,30.708072868343947,-6.9517528858360285
14.405894459349684,30.706917185963437,-7.015647302705514
14.539324605171432,30.705740189113207,-7.080119787664538
14.67399060648721,30.70454148827775,-7.145175315373707
14.809903910026636,30.70332068696027,-7.210818896191473
14.947076068541126,30.702077381558105,-7.277055576222583
15.085518741785881,30.70081116123387,-7.343890437362808
15.225243697510987,30.69952160780748,-7.411328597340926
15.366262812461677,30.69820829561227,-7.479375209744101
15.508588073387862,30.69687079137841,-7.548035464042842
15.65223157806303,30.695508654097587,-7.617314585607949
15.797205536312546,30.69412143489405,-7.687217835715708
15.943522271051519,30.69270867688732,-7.757750511546847
16.091194219332245,30.691269915056253,-7.82891794617631
16.240233933401374,30.689804676105126,-7.900725508557332
16.39065408176687,30.688312478315822,-7.973178603489033
16.542467450274827,30.686792831413584,-8.046282671583931
16.69568694319629,30.685245236414826,-8.120043189217924
16.85032558432413,30.683669185484163,-8.194465668471492
17.006396518080077,30.682064161785533,-8.269555657065853
17.16391301063199,30.680429639328878,-8.345318738281557
17.322888451021534,30.678765082817876,-8.421760530869333
17.483336352302217,30.677069947493855,-8.498886688950197
17.64527035268803,30.675343678978987,-8.576702901902426
17.80870421671272,30.673585713110917,-8.65521489423184
17.97365183639975,30.671795475788016,-8.734428425443234
18.140127232443184,30.66997238279558,-8.814349289880203
18.308144555399416,30.668115839646756,-8.894983316568723
18.47771808689,30.66622524140509,-8.976336369034641
18.6488622408156,30.664299972517263,-9.058414345113814
18.82159156458117,30.662339406635674,-9.14122317674686
18.995920740332526,30.660342906443077,-9.224768829755469
19.171864586204304,30.658309823472607,-9.309057303608721
19.34943805757954,30.656239497923302,-9.394094631168334
19.52865624836089,30.654131258477285,-9.479886878420979
19.70953439225361,30.651984422113834,-9.566440144192327
19.892087864060446,30.649798293916632,-9.653760559846226
20.0763321809885,30.64757216688431,-9.741854288961562
20.26228300396823,30.645305321732867,-9.830727526995663
20.44995613898459,30.64299702670027,-9.920386500928329
20.63936753842061,30.64064653734458,-10.010837468882077
20.830533302413336,30.638253096343668,-10.102086719729026
21.023469680222334,30.635815933286246,-10.194140572672744
21.218193071610962,30.633334264466598,-10.287005376815722
21.41472002824027,30.630807292674376,-10.380687510694164
21.613067255075986,30.628234206977126,-10.475193381802836
21.813251611808408,30.62561418250947,-10.570529426091912
22.015290114285502,30.622946380250767,-10.666702107441175
22.219199935959267,30.620229946806322,-10.763717917110249
22.424998409345516,30.61746401417695,-10.86158337316465
22.63270302749712,30.614647699542964,-10.960305019881435
22.842331445490924,30.61178010502248,-11.059889427120535
23.053901481928506,30.60886031745077,-11.160343189680722
23.267431120450702,30.60588740813354,-11.261672926617829
23.48293851126629,30.602860432618463,-11.363885280547192
23.700441972694733,30.599778430450403,-11.466986916907375
23.919959992723275,30.596640424928534,-11.570984523201899
24.141511230578416,30.59344542286095,-11.675884808211958
24.36511451831198,30.59019241431453,-11.781694501172062
24.590788862401872,30.586880372366544,-11.888420350925244
24.818553445367602,30.58350825284834,-11.99606912503932
25.048427627400844,30.580074994086814,-12.10464760889101
25.280430948011073,30.57657951664875,-12.214162604723434
25.51458312768642,30.573020723077633,-12.324620930663139
25.75090406956995,30.56939749762495,-12.436029419707603
25.989413861151448,30.565708705989522,-12.548394918674713
26.23013277597485,30.561953195039678,-12.661724287116291
26.473081275361555,30.55812979254761,-12.776024396199489
26.718280010149584,30.554237306907638,-12.8913021275423
26.965749822449,30.550274526865927,-13.007564372023177
27.21551174741347,30.546240221230107,-13.124818028535332
27.46758701502825,30.54213313859612,-13.243070002720598
27.72199705191479,30.537952007056887,-13.362327205644137
27.978763483151997,30.53369553391559,-13.482596552440176
28.237908134114377,30.529362405395652,-13.603884960911076
28.49945303232725,30.524951286348387,-13.726199350082545
28.76342040933906,30.520460819956217,-13.849546638716584
29.0298327026111,30.51588962744022,-13.973933743784002
29.298712557424725,30.511236307753148,-14.099367578878669
29.5700828288062,30.506499437282155,-14.225855052597364
29.843966583469417,30.501677569545492,-14.353403066871069
30.120387101776576,30.496769234882475,-14.482018515240188
30.399367879717037,30.491772940146827,-14.611708281090154
30.680932630904493,30.486687168401616,-14.742479235832409
30.965105288592675,30.48151037859643,-14.874338237035436
31.25191000770965,30.47624100526342,-15.007292126502472
31.541371166911084,30.47087745819497,-15.14134772830303
31.833513370652373,30.465418122127232,-15.276511846742848
32.128361451280085,30.45986135642357,-15.412791264285854
32.425940471142745,30.454205494749583,-15.550192739418378
32.7262757247211,30.44844884475088,-15.688723004461131
33.02939274077824,30.44258968773225,-15.828388763317044
33.33531728452953,30.436626278329925,-15.969196689176066
33.64407535983267,30.430556844179215,-16.111153422135835
33.955693211398064,30.42437958559701,-16.254265566797752
34.27019732701964,30.41809267524307,-16.398539689774978
34.58761443982629,30.41169425779437,-16.54398231715097
34.90797153055432,30.40518244961089,-16.690599931877532
35.23129582984074,30.398555338404588,-16.838398971108305
35.5576148205379,30.39181098290554,-16.98738582346666
35.88695624004959,30.384947412528604,-17.137566826260755
36.21934808268875,30.37796262703666,-17.28894826261557
36.55481860205697,30.37085459620525,-17.4415363585547
36.893396313446104,30.363621259492277,-17.595337280020768
37.235109996262075,30.356260525692647,-17.750357129802914
37.57998869647118,30.348770272609823,-17.906601944429944
37.92806172906898,30.34114834671429,-18.064077690971544
38.27935868057215,30.33339256281031,-18.222790263786095
38.6339094115333,30.325500703694594,-18.382745481186888
38.991744059079224,30.31747051982755,-18.54394908205126
39.35289303947249,30.309299728988055,-18.706406722346987
39.71738705069695,30.300986015942616,-18.870123971597998
40.085257075066984,30.292527032110556,-19.035106309281765
40.456534381861154,30.28392039522497,-19.20135912113396
40.83125052998001,30.27516368900214,-19.368887695411257
41.20943737062867,30.26625446280544,-19.537697219055328
41.59112705002422,30.257190231314382,-19.70779277380552
41.976352012128096,30.247968474192245,-19.87917933222128
42.36514500140396,30.238586635752142,-20.05186175364338
42.75753906560093,30.229042124632606,-20.22584478007672
43.15356755856268,30.21933231346321,-20.401133031997663
43.55326414306254,30.20945453854152,-20.57773100409351
43.956662793664925,30.19940609950349,-20.75564306092483
44.36379779961309,30.18918425900005,-20.934873432510596
44.77470376774387,30.17878624237509,-21.115426209850536
45.18941562542919,30.1682092373415,-21.297305340361465
45.60796862354499,30.157450393659914,-21.480514623244954
46.03039833946754,30.14650682282269,-21.665057704788182
46.45674068009755,30.1353755977326,-21.850938073576344
46.88703188491236,30.124053752392758,-22.038159055648897
47.32130852904621,30.11253828158729,-22.226723809576566
47.75960752639924,30.10082614056699,-22.4166353214511
48.20196613277519,30.088914244748,-22.607896399845533
48.64842194904814,30.076799469391634,-22.800509670647084
49.0990129243587,30.064478649301517,-22.99447757186125
49.55377735933964,30.05194857851571,-23.189802348333117
50.012753909371476,30.039206010002758,-23.38648604639486
50.47598158786829,30.026247655356528,-23.58453050845315
50.94349976959383,30.01307018449215,-23.78393736749603
51.41534819400841,29.999670225345415,-23.98470804154711
51.89156696864687,29.986044363573964,-24.186843728045677
52.37219657252764,29.972189142251295,-24.390345398163515
52.85727785959359,29.95810106157149,-24.595213791053247
53.34685206218459,29.94377657854723,-24.801449408043613
53.84096079454231,29.929212106710384,-25.0090525067592
54.33964605634751,29.914404015812067,-25.21802309519282
54.842950236289965,29.899348631522503,-25.42836092570913
55.35091611567163,29.88404223512617,-25.640065488988206
55.86358687204303,29.86848106322278,-25.853136007921286
56.381006082873405,29.85266130741912,-26.067571431442673
56.90321772925488,29.836579114022832,-26.283370428309773
57.43026619964078,29.820230583733526,-26.50053138082744
57.962196293618845,29.80361177132748,-26.719052378521173
58.49905322571908,29.7867186853418,-26.938931211766008
59.04088262925716,29.76954728775253,-27.16016536535024
59.587730560213195,29.752093493648303,-27.38275201201554
60.139643501146615,29.734353170896,-27.60668800591814
60.69666836514719,29.716322139803758,-27.831969876082155
61.25885249982267,29.697996172773962,-28.058593819775915
61.82624369132341,29.679370993946108,-28.286555695865143
62.39889016840418,29.660442278834914,-28.515851018121595
62.97684060652376,29.64120565395593,-28.74647494848898
63.560144131982234,29.62165669643507,-28.97842229030194
64.14885032609692,29.601790933617554,-29.211687481495954
64.74300922941677,29.58160384264977,-29.446264587733374
65.34267134597579,29.56109085005407,-29.68214729554482
65.94788764758613,29.540247331289574,-29.919328905409014
66.55870957817041,29.51906861028391,-30.15780232478244
67.17518905813485,29.497549958959084,-30.397560061136094
67.79737848878233,29.47568659672708,-30.638594214921195
68.42533075676657,29.453473689968206,-30.880896472530818
69.05909923858766,29.43090635148571,-31.124458099209125
69.69873780512893,29.40797963992628,-31.3692699319273
70.34430082623616,29.384688559183886,-31.61532237224528
70.9958431753391,29.361028057764162,-31.862605379115582
71.65342023411557,29.336993028125107,-32.11110846167309
72.31708789719914,29.312578305973226,-32.36082067196857
72.9869025769301,29.287778669531612,-32.61173059768269
73.66292120815068,29.262588838764728,-32.86382635478733
74.3452012530444,29.237003474560936,-33.117095580175416
75.03380070602056,29.211017177870854,-33.37152542423508
75.72877809864382,29.18462448880036,-33.62710254339106
76.43019250460918,29.157819885647797,-33.88381309257822
77.1381035447637,29.130597783894522,-34.14164271767554
77.85257139217393,29.10295253512926,-34.40057654786898
78.573656777241,29.07487842592275,-34.66059918796476
79.30142099286255,29.046369676629237,-34.92169471061303
80.03592589964268,29.017420440124702,-35.183846648470855
80.77723393115039,28.988024800474513,-35.44703798628063
81.52540809922611,28.958176771517856,-35.711251152841726
82.28051199933812,28.927870295384498,-35.976468012910715
83.04260981598807,28.89709924091533,-36.242669858963076
83.81176632816661,28.865857401999317,-36.509837402865884
84.58804691485992,28.83413849581632,-36.77795076738206
85.37151756060668,28.801936160981427,-37.046989477586585
86.16224486110708,28.76924395558005,-37.31693245207149
86.96029602888343,28.73605535510247,-37.587757994019
87.76573889899313,28.702363750252022,-37.85944378208367
88.57864193479497,28.668162444642572,-38.13196686106475
89.39907423376833,28.63344465235807,-38.40530363235972
90.22710553338672,28.59820349538747,-38.67942984420217
91.06280621704548,28.562432000910295,-38.954320581604854
91.90624732004423,28.52612309844306,-39.22995025606153
92.75750053562534,28.489269616820682,-39.506292594911265
93.61663822106745,28.45186428102459,-39.783320630393305
94.4837334038363,28.41389970883011,-40.06100668833767
95.35885978779194,28.37536840728753,-40.339322376475465
96.24209175945354,28.336262769000893,-40.618238572321694
97.13350439432259,28.296575068219063,-40.897725410602284
98.033173463264,28.256297456719423,-41.17775227022643
98.94117543894716,28.215421959471648,-41.45828776068409
99.85758750234564,28.17394047007793,-41.7392997079172
100.78248754929817,28.131844745974046,-42.02075513956322
101.71595419712953,28.08912640338548,-42.30262026954391
102.65806679133311,28.045776912016173,-42.58486048194509
103.60890541231555,28.001787589471682,-42.867440314138506
104.56855088220335,27.95714959539154,-43.15032343909008
105.53708477171308,27.911853925284248,-43.433472646786456
106.51458940708496,27.865891404050988,-43.716849824713655
107.50114787708031,27.819252679175456,-44.00041593733881
108.4968440400447,27.77192821357672,-44.284131004495826
109.5017625310355,27.723908278098385,-44.56795407860972
110.51598876901625,27.675182943616935,-44.851843220671995
111.53960896411732,27.625742072761533,-45.13575547488167
112.57271012496355,27.575575311218678,-45.41964684185878
113.61538006607056,27.52467207859771,-45.70347225031201
114.66770741530846,27.473021558841157,-45.98718552705268
115.72978162143592,27.420612690170323,-46.270739365285614
116.801692961703,27.367434154510182,-46.55408529096129
117.88353254952474,27.313474366409793,-46.837173627154854
118.97539234222633,27.258721461395922,-47.11995345623861
120.07736514885893,27.203163283760553,-47.40237257977281
121.18954463808909,27.146787373730426,-47.68437747588044
122.31202534616041,27.089580954012227,-47.9659132539949
123.44490268492915,27.031530915657296,-48.24692360672578
124.58827294997448,26.972623803227464,-48.527350758693615
125.74223332878354,26.91284579922324,-48.80713541208748
126.90688190901261,26.852182707726875,-49.086216688693604
128.0823176868246,26.79061993724067,-49.36453206820118
129.26864057530366,26.72814248264472,-49.6420173224251
130.4659514129482,26.664734906269207,-49.91860644524394
131.67435197224174,26.60038131799257,-50.194231577848136
132.8939449683044,26.535065354342645,-50.46882292902017
134.124834067623,26.468770156536905,-50.74230869005502
135.36712389686338,26.401478347396754,-51.014614943894045
136.62092005176348,26.33317200708355,-51.2856655680769
137.88632910610903,26.263832647585772,-51.55538213102558
139.16345862079274,26.19344118588875,-51.82368378112865
140.4524171529566,26.12197791574564,-52.09048712811819
141.75331426521976,26.049422477980563,-52.355706116080114
143.06626053499122,25.97575382922895,-52.61925188750314
144.39136756386898,25.900950209025815,-52.881032637602566
145.72874798712658,25.8249891051484,-53.14095345816181
147.07851548328662,25.747847217100684,-53.3989161700697
148.44078478378424,25.669500417641444,-53.65481914358135
149.81567168271891,25.58992371221448,-53.908557105325336
151.20329304669704,25.50909119618085,-54.160020930940114
152.6037668247661,25.426976009692478,-54.409097422148655
154.01721205843995,25.343550290070716,-54.655669066906256
155.4437488918178,25.25878512153488,-54.89961378119235
156.88349858179652,25.172650482105222,-55.140804630861766
158.33658350837726,25.085115187505792,-55.37910953174513
159.80312718506855,24.99614683186782,-55.61439092611933
161.28325426938406,24.90571172503351,-55.84650543338541
162.7770905734396,24.813774826227114,-56.07530347257192
164.2847630746468,24.72029967386544,-56.30062885413282
165.806399926506,24.625248311243126,-56.52231833808315
167.34213046950015,24.52858120782334,-56.74020115533505
168.89208524208806,24.43025717583156,-56.95409848868254
170.45639599180095,24.330233281852923,-57.163822909501995
172.0351956864409,24.22846475307317,-57.36917776582852
173.62861852538276,24.12490487781951,-57.569956516927725
175.23679995098215,24.019504900008812,-57.765942008971564
176.85987666008714,23.912213907085103,-57.95690568576846
178.4979866156586,23.80297871101059,-58.1426067277912
180.15126905849627,23.691743721844038,-58.32279111198077
181.819864519075,23.578450813396795,-58.4971905838175
183.50391482948984,23.46303918044862,-58.66552153221615
185.20356313551144,23.345445186957864,-58.827483756510055
186.91895390875433,23.225602204677305,-58.98275911357295
188.65023295895634,23.103440441562064,-59.131010031479576
190.39754744637315,22.978886759323316,-59.271877874469155
192.16104589428699,22.851864479465583,-59.404981141881336
193.94087820163062,22.72229317712138,-59.52991348151518
195.73719565572992,22.590088462003454,-59.64624149521735
197.55015094516233,22.45516174577795,-59.75350231143222
199.3798981727365,22.31741999520123,-59.85120089607424
201.22659286859056,22.17676547039047,-59.93880706895191
203.09039200341223,22.033095447667716,-60.01575218843939
204.97145400178223,21.886301926529413,-60.08142546166359
206.86993875563954,21.736271320438327,-60.135169831304054
208.78600763787307,21.582884131358433,-60.176277382896934
210.71982351603828,21.426014608246163,-60.20398420816378
212.67155076620074,21.265530390128227,-60.217464650129074
214.64135528690895,21.101292134934955,-60.21582484453214
216.629404513295,20.933153135986036,-60.19809545876102
218.63586743130745,20.760958928997177,-60.163223514175904
220.66091459207513,20.584546893731932,-60.110063159722564
222.7047181264035,20.403745856086456,-60.03736524373833
224.76745175940687,20.2183756985737,-59.94376550638308
226.84929082527447,20.028246989996955,-59.827771186608686
228.95041228217443,19.833160648812445,-59.68774580430101
231.07099472729527,19.632907659485323,-59.5218918396336
233.2112184120265,19.427268867432105,-59.32823098695459
235.3712652572808,19.216014886310425,-59.104581608993065
237.55131886895674,18.998906162077617,-58.84853295818902
239.7515645535461,18.77569325213414,-58.55741566522069
241.9721893338845,18.546117395976957,-58.22826792015472
244.21338196504888,18.30991147743644,-57.85779669011084
246.47533295040202,18.06680150939849,-57.44233323099402
248.75823455778473,17.816508812144907,-56.97778206391986
251.06228083585984,17.558753108881852,-56.459562507609874
253.38766763060528,17.293256830240303,-55.88254179927973
255.73459260196242,17.019751008105693,-55.24095882078071
258.10325524063666,16.73798325354571,-54.52833750882457
260.49385688505413,16.447728460549524,-53.73738922366874
262.9066007384762,16.148803064100306,-52.859903764479114
265.34169188627135,15.84108391526862,-51.886629481486914
267.79933731334825,15.52453312322963,-50.807144237902996
270.27974592174934,15.199230554833358,-49.60972110088264
272.7831285484072,14.865416065132804,-48.28119599315067
275.309697983067,14.5235439218785,-46.80684966787412
277.8596689863725,14.174352204543714,-45.17032399661104
280.43325830812205,13.818950049826164,-43.353603531057225
283.030684705692,13.458925205289594,-41.33710843547679
285.6521689626309,13.096472985047416,-39.09996458360936
288.29793390742725,12.734544704298106,-36.62053999624936
290.968204432449,12.377008070314812,-33.87736018449812
293.6632075130606,12.028802806402211,-30.850529515227105
296.38317222691563,11.696061377140268,-27.52377463642285
299.1283297734283,11.386147961591817,-23.88716315906146
301.8989134934264,11.107552913346332,-19.940405049657908
304.6951588889846,10.86957397385357,-15.696396138958967
307.5173036434433,10.681733344709318,-11.184338530004455
310.3655876416107,10.552934435293682,-6.451481522004002
313.2402529901545,10.490453257795181,-1.5624681321808194
316.1415440381805,10.498959224196911,3.4043511477777417
319.06970739800215,10.579814396887596,8.363438200983287
322.0249919661039,10.730858585446674,13.23021743766752
325.00764894429636,10.946748214845048,17.92900198172577
328.0179318610697,11.219742750599833,22.398933851495546
331.0560965931434,11.540712012413888,26.596954274400634
334.12240138721546,11.900120669200815,30.497828331210947
337.21710688191496,12.288816294269044,34.09199335298816
340.34047612995477,12.698549254893251,37.382265057823545
343.4927746204931,13.1222367991647,40.38030318378376
346.6742703016991,13.55402923060902,43.103424554669814
349.8852336035287,13.98924708465935,45.57203833063851
353.1259374607124,14.424248869133606,47.8077536973825
356.39665733595365,14.856272229992278,49.832086126221235
359.6976712433446,15.283275227973592,51.66564012774021
363.0292597719968,15.703791969727964,53.327643218659574
366.39170610989146,16.116808545218763,54.83572356096515
369.78529606795155,16.52166030950198,56.205847670353215
373.2103181043348,16.917948983758905,57.452357318024575
376.6670633489539,17.30547695484248,58.58806341072243
380.1558256282223,17.684195890421837,59.624368752377904
383.6769014900296,18.054166949318933,60.571401715051685
387.23059022894904,18.415530211017373,61.43814982860843
390.8171939116766,18.76848134135711,62.23258696301918
394.4370174027085,19.11325388652687,62.96179080454364
398.0903683902539,19.4501059163433,63.6320492333636
401.7775574123885,19.779310012504805,64.2489553673643
405.49889788345155,20.10114582017364,64.81749170426188
409.25470612068534,20.41589455822262,65.3421041482934
413.0453013711233,20.723835022286636,65.82676686636951
416.8710058387252,21.02524072271621,66.2750389586638
420.73214471176595,21.32037788293615,66.69011390041003
424.6290461904766,21.60950408795717,67.07486264670189
428.5620415149406,21.89286742212247,67.43187120996394
432.53146499325106,22.170705973017476,67.76347343244971
436.537654029926,22.443247607476295,68.0717795906689
440.5809491545888,22.710709947856568,68.35870138842616
444.66169405091335,22.9733004938007,68.62597382245875
448.7802355858369,23.23121684776289,68.87517433956327
452.9369238390453,23.48464701261557,69.1077396470125
457.1321121327283,23.733769737345387,69.32498048805813
461.36615706161393,23.97875489274024,69.52809465113674
465.63941852327895,24.219763863526897,69.7181784440299
469.9522597487392,24.456949946868033,69.89623683216084
474.30504733332685,24.690458749818717,70.06319241261963
478.6981512678486,24.92042858037629,70.21989337192527
483.1319449700379,25.146990828307032,70.36712055523995
487.6068053162943,25.370270333142525,70.50559375747603
492.12311267371786,25.590385737630488,70.63597733176874
496.68125093244225,25.807449825598162,70.75888519818643
501.28160753826415,26.021569843725693,70.87488532442649
505.92457352557767,26.232847807066673,70.98450374106284
510.61054355061236,26.441380788474103,71.08822814562724
515.3399159249782,26.6472611922592,71.18651114298197
520.1130926495244,26.85057701256669,71.27977316336869
524.9304794485083,27.05141207704205,71.36840509441409
529.7924858040827,27.24984627642783,71.45277065874514
534.699524991103,27.445955780764617,71.53320856518732
539.652014112254,27.63981324287422,71.61003445795718
544.6503741335068,27.831487989823486,71.68354268546067
549.6950299198982,28.021046203038264,71.75400790768641
554.7864102716472,28.20855108773033,71.82168655908765
559.9249479606017,28.394063032274044,71.88681818166832
565.1110797670252,28.57763975814192,71.94962664161923
570.3452465167243,28.75933646098259,72.01032124101937
575.6278931185168,28.939205943382774,72.06909773518831
580.9594686020525,29.117298739858445,72.12613926472339
586.3404261559783,29.293663234532193,72.18161721065836
591.7712231664617,29.468345771995374,72.2356919799208
597.2523212560684,29.641390761757798,72.28851372783093
602.7841863229994,29.812840776713085,72.3402230233851
608.3672885806953,29.98273664598562,72.39095146269838
614.0021025978019,30.15111754252586,72.44082223523313
619.6891073385113,30.318021065777327,72.48995064718795
625.428786203274,30.48348331972777,72.53844460577072
631.2216270698862,30.647538986639887,72.58640506778727
637.0681223349621,30.810221396716525,72.6339264557937
642.9687689557883,30.971562593973378,72.68109704439593
648.9240684925636,31.13159339852896,72.7279993194529
654.9345271510334,31.290343465556013,72.77471031224749
661.0006558255186,31.44784134107227,72.82130191093336
667.1229701423381,31.604114514786797,72.8678411509463
673.3019905036427,31.759189470155043,72.91439048615113
679.5382421316466,31.91309173182724,72.96100804234092
685.8322551132724,32.065845910627445,73.0077478544174
692.1845644452095,32.21747574623224,73.05466008850475
698.5957100793873,32.3680041476415,73.1017912502961
705.0662369688745,32.51745323161946,73.14918438057092
711.5966951141991,32.66584435917736,73.19687923888252
718.1876396100985,32.813198170234735,73.24491247641261
724.8396306927048,32.95953461655148,73.29331779859506
731.5532337871614,33.10487299302768,73.34212611845449
738.3290195556901,33.249231967460574,73.3913657012531
745.1675639460943,33.39262960884467,73.44106230097873
752.069448240716,33.53508341429573,73.49123928945222
759.0352591058456,33.67661033465799,73.5419177784061
766.0655886415869,33.817226798890374,73.59311673503126
773.1610344321901,33.95694873727019,73.6448530915559
780.3221995968443,34.09579160348866,73.6971418490862
787.5496928409431,34.23377039568999,73.74999617626425
794.8441285078271,34.370899676520594,73.80342750290514
802.2061266309998,34.50719359221784,73.85744560909588
809.6363129868356,34.6426658907983,73.91205870992532
817.1353191477687,34.77732993940319,73.96727353617418
824.7037825359771,34.91119874080907,74.02309541120448
832.3423464775667,35.04428494917194,74.07952832429099
840.051660257249,35.17660088504447,74.13657500054038
847.8323791735379,35.30815854967637,74.194236967709
855.6851645944458,35.43896963865054,74.25251461997752
863.6106840137036,35.5690455548924,74.3114072788992
871.609611107493,35.69839742105175,74.3709132518232
879.6826257917169,35.82703609133594,74.43102988755139
887.830414279787,35.95497216276178,74.49175362986797
896.0536691409558,36.08221598590079,74.55308006863615
904.3530893591847,36.208777675113964,74.61500398881147
912.7293803925559,36.334667118313035,74.67751941744574
921.1832542332411,36.4598939862623,74.7406196686642
929.7154294680192,36.5844677414388,74.80429738692622
938.3266313393567,36.70839764648322,74.86854458839235
947.0175918070556,36.83169277225782,74.9333527007083
955.7890496104663,36.954362005495256,74.99871260117311
964.6417503312869,37.07641405613396,75.06461465327438
973.576446456935,37.1978574642496,75.13104874198356
982.5938974445098,37.31870060670461,75.19800430734955
991.6948697853492,37.43895170344792,75.26547037700865
1000.880137070176,37.5586188235245,75.33343559726391
1010.1504800548622,37.67770989079154,75.40188826294408
1019.5066867267881,37.79623268936821,75.47081634609748
1028.9495523718233,37.91419486880726,75.54020752350583
1038.4798796419293,38.031603949013714,75.61004920312419
1048.0984786233785,38.14846732494915,75.68032854946144
1057.8061669056221,38.264792271058624,75.75103250783417
1067.6037696507785,38.380585945521084,75.82214782778615
1077.4921196637758,38.49585539425366,75.89366108549953
1087.4720574631413,38.61060755476884,75.96555870515074
1097.5444313524422,38.724849259757605,76.03782697956578
1107.7100974923987,38.83858724055704,76.11045208993697
1117.9699199736542,38.95182813043692,76.1834201246496
1128.3247708902243,39.06457846767437,76.25671709736062
1138.7755304136272,39.17684469852085,76.33032896425927
1149.3230868676944,39.288633179978035,76.40424164069947
1159.9683368040858,39.39995018246707,76.47844101680231
1170.712185078493,39.51080189230726,76.55291297277756
1181.5555449275535,39.621194414141556,76.62764339307753
1192.4993380464784,39.731133773143505,76.70261818029279
1203.5444946673924,39.84062591717551,76.77782326813389
1214.6919536384112,39.949676718822936,76.85324463391193
1225.94266250344,40.058291977271,76.928868310391
1237.297577582716,40.16647742015485,77.00468039701492
1248.7576640540995,40.27423870524473,77.0806670706297
1260.3238960351077,40.381581422086384,77.1568145954905
1271.9972566657245,40.488511093516806,77.23310933303732
1283.778738191963,40.595033177143016,77.30953775074703
1295.6693420502074,40.701153066682274,77.38608643086681
1307.6700789523397,40.80687609327651,77.46274207836223
1319.7819689716437,40.91220752671555,77.5394915286405
1332.0060416295205,41.01715257659731,77.6163217545571
1344.343335982994,41.12171639342134,77.69321987318898
1356.794900713033,41.22590406962375,77.77017315204424
1369.3617942136902,41.32972064056893,77.84716901490751
1382.0450846820634,41.433171085464416,77.92419504745111
1394.8458502090987,41.53626032822868,78.001239001998
1407.7651788712258,41.6389932383545,78.07828880246414
1420.8041688228461,41.7413746316612,78.15533254848239
1433.9639283896777,41.84340927104824,78.23235851951442
1447.2455761629597,41.94510186720549,78.3093551783443
1460.6502410945404,42.04645707927188,78.38631117450788
1474.1790625928347,42.147479515494936,78.4632153471312
1487.833190619676,42.24817373378996,78.54005672776022
1501.6137857880651,42.34854424234955,78.61682454262406
1515.5220194608173,42.44859550016335,78.69350821480514
1529.5590738501392,42.54833191755118,78.77009736610002
1543.7261421181104,42.64775785665239,78.84658181849849
1558.024428478108,42.74687763190127,78.92295159555492
1572.4551482971572,42.84569551045624,78.99919692355435
1587.0195281992515,42.944215712670484,79.07530823225979
1601.7188061696068,43.04244241247008,79.15127615552518
1616.5542316598953,43.14037973777302,79.22709153186136
1631.5270656944504,43.238031770855216,79.30274540456183
1646.6385809774495,43.33540254873882,79.37822902167729
1661.8900620011032,43.43249606353643,79.4535338360062
1677.2828051548333,43.52931626280004,79.52865150461436
1692.8181188354679,43.62586704984519,79.60357388849063
1708.497323558458,43.72215228409863,79.67829305169883
1724.321752070116,43.81817578139908,79.7528012607416
1740.2927494609094,43.913941314305546,79.82709098356723
1756.4116732797897,44.009452612411124,79.90115488839577
1772.679893649587,44.104713362626455,79.97498584255014
1789.0987933834697,44.19972720948462,80.04857691120516
1805.6697681024837,44.29449775541698,80.12192135577585
1822.3942263541862,44.38902856104933,80.19501263247072
1839.273589732371,44.48332314546167,80.2678443905493
1856.3092929979045,44.57738498648137,80.34041047061285
1873.5027842006841,44.671217520961605,80.41270490280667
1890.8555248027158,44.764824145035305,80.48472190467852
1908.3689898023522,44.85820821439433,80.55645587941564
1926.0446678596602,44.9513730445739,80.62790141356166
1943.8840614229607,45.04432191118747,80.69905327506939
1961.8886868565392,45.137058050253984,80.76990641077974
1980.0600745695322,45.22958465839509,80.84045594441743
1998.3997691460224,45.3219048931505,80.91069717428452
2016.909329476324,45.4140218732272,80.98062557063972
2035.5903288894917,45.50593867880565,81.05023677338785
2054.4443552870543,45.597658351755655,81.11952658979578
2073.473011277985,45.68918389595324,81.18849099172166
2092.6779143149297,45.78051827749876,81.25712611336947
2112.0606968316906,45.87166442507687,81.3254282484855
2131.6230063819817,45.962625230154586,81.39339384793634
2151.3665057794783,46.05340354728284,81.46101951711407
2171.2928732391442,46.14400219436709,81.5283020131734
2191.4038025199,46.2344239529872,81.59523824264231
2211.7010030685815,46.32467156861793,81.66182525857525
2232.1862001652466,46.414747750958284,81.72806025807913
2252.8611350698307,46.50465517417957,81.79394057957992
2273.727565170144,46.59439647724714,81.85946369998963
2294.7872641312642,46.68397426419104,81.92462723244755
2316.042022046292,46.7733911043695,81.98942892346273
2337.4936455885118,46.86264953281113,82.05386665012301
2359.1439581649647,46.95175205045392,82.11793841768838
2380.9948000714276,47.040701124496465,82.18164235692188
2403.048028648856,47.1294991886393,82.24497672137011
2425.305518441249,47.21814864338861,82.30793988486603
2447.7691613549914,47.30665185639741,82.37053033887685
2470.4408668196693,47.39501116271882,82.4327466899603
2493.3225619503596,47.48322886512936,82.49458765717706
2516.416191711458,47.571307234405154,82.55605206954836
2539.723719081988,47.659248509649,82.61713886368409
2563.2471252224595,47.74705489859693,82.67784708113028
2586.988409643273,47.8347285778959,82.7381758659094
2610.949590374667,47.92227169341548,82.79812446215611
2635.1327041382697,48.0096863605727,82.85769221155489
2659.539806520213,48.0969746646319,82.91687855115335
2684.172972145861,48.18413866096585,82.97568301093425
2709.0342948561465,48.27118037543639,83.0341052112343
2734.1258878855656,48.358101804655504,83.09214486080907
2759.4498840417923,48.44490491629898,83.14980175423355
2785.0084358869726,48.531591649409044,83.2070757698042
2810.803715920699,48.61816391470612,83.26396686741319
2836.8379167646585,48.70462359491352,83.32047508608562
2863.1132513490306,48.79097254501466,83.37660054207375
2889.631953100571,48.877212592639864,83.43234342650776
2916.3962761324638,48.96334553828896,83.48770400362467
2943.408495435919,49.049373155680684,83.54268260831155
2970.6709070735446,49.1352971920484,83.59727964423189
2998.1858283745246,49.221119368459455,83.65149558207777
3025.9555981315884,49.30684138007983,83.70533095718483
3053.982576799808,49.39246489653246,83.7587863679205
3082.2691466972465,49.477991562140545,83.81186247343364
3110.81771220744,49.563422996279236,83.86455999233176
3139.630699983795,49.648760793638296,83.91687970026018
3168.710559155842,49.73400652453776,83.96882242851042
3198.059761537417,49.81916173522376,84.02038906210764
3227.680801836771,49.90422794817313,84.07158053803981
3257.576197868609,49.989206662359,84.12239784358758
3287.7484907681282,50.07409935358743,84.17284201457711
3318.2002452069987,50.15890747476027,84.22291413406421
3348.934049611373,50.243632456154195,84.27261533024168
3379.952516381904,50.328275705737006,84.32194677521566
3411.2582821157844,50.41283860945817,84.37090968350392
3442.8540078308874,50.4973225315084,84.4195053101209
3474.742379191939,50.58172881461191,84.46773494953095
3506.9261067388015,50.66605878030429,84.51559993403372
3539.4079261168827,50.750313729260164,84.56310163229308
3572.190598309646,50.83449494147896,84.61024144814752
3605.276909873325,50.918603676645695,84.65702081890109
3638.6696731737643,51.002641174350806,84.70344121443976
3672.3717266254766,51.08660865440508,84.7495041355393
3706.385934932918,51.170507317070495,84.79521111288155
3740.7151893339733,51.25433834335827,84.84056370572267
3775.3624078457333,51.33810289525701,84.88556350059854
3810.3305355125194,51.421802116044724,84.93021211021347
3845.622544656215,51.505437130505534,84.97451117233538
3881.24143512892,51.589009045221985,85.01846234860356
3917.190234567926,51.67251894881251,85.06206732353283
3953.471998653091,51.7559679121976,85.10532780318863
3990.0898113665594,51.839356988799175,85.14824551451801
4027.0467852549086,51.92268721488894,85.19082220392043
4064.3460616937186,52.00595960979086,85.23305963655142
4101.99081115458,52.089175176043206,85.27495959538088
4139.984233474606,52.17233489975161,85.31652387986907
4178.329558128414,52.25543975082884,85.35775430553043
4217.030044502624,52.33849068315253,85.39865270270555
4256.088982172928,52.42148863483553,85.43922091572503
4295.509691183682,52.50443452846226,85.47946080228907
4335.295522330139,52.58732927138237,85.5193742322735
4375.449857443252,52.67017375576113,85.55896308737836
4415.97610967714,52.7529688590415,85.59822925983278
4456.877723799212,52.835715443956914,85.63717465194321
4498.158176482958,52.91841435886233,85.67580117549404
4539.8209766034915,53.00106643795125,85.71411075053952
4581.869665535797,53.083672501416714,85.75210530514175
4624.307817455749,53.166233355712144,85.78978677458797
4667.139039643925,53.248749793730575,85.82715710055166
4710.366972792211,53.33122259505949,85.86421823049753
4753.995291313292,53.41365252608716,85.90097211739152
4798.027703652961,53.496040340318046,85.93742071867234
4842.467952605343,53.57838677849735,85.97356599580617
4887.31981563103,53.660692568874275,86.00940991372885
4932.587105178186,53.742958427278715,86.04495444041969
4978.273669006593,53.82518505749347,86.080201545956
5024.383390514721,53.90737315129655,86.11515320265113
5070.920189069822,53.98952338864477,86.1498113837845
5117.888020341062,54.07163643798346,86.18417806383422
5165.290876635782,54.15371295633441,86.21825521741538
5213.132787238836,54.23575358950263,86.25204481915952
5261.417818755081,54.3177589722317,86.28554884316719
5310.15007545505,54.39972972840564,86.31876926269656
5359.333699623799,54.48166647122167,86.35170804940894
5408.972871913033,54.5635698033641,86.3843671733198
5459.07181169645,54.64544031712835,86.41674860234322
5509.634777428389,54.7272785946535,86.44885430175671
5560.6660670058145,54.809085208056054,86.48068623388497
5612.1700181336155,54.890860719560635,86.51224635799433
5664.15100869335,54.9726056817442,86.54353662960511
5716.613457115345,55.05432063756711,86.57455900023687
5769.561822754272,55.13600612067708,86.60531541745453
5823.000606268205,55.2176626554565,86.63580782385625
5876.934350001154,55.299290757166375,86.66603815758906
5931.367638369204,55.38089093216633,86.6960083514775
5986.305098250172,55.46246367805193,86.72572033297173
6041.7513993769,55.544009483745484,86.75517602383903
6097.711254734196,55.62552882962428,86.78437734000534
6154.189420959412,55.70702218779032,86.81332619115365
6211.190698746805,55.78849002209289,86.842024480658
6268.719933255569,55.869932788222236,86.8704741052254
6326.782014521694,55.95135093403327,86.89867695465168
6385.381877873616,56.03274489946764,86.92663491186826
6444.524504351713,56.11411511682154,86.95434985238987
6504.2149211317255,56.19546201081601,86.98182364441837
6564.45820195205,56.27678599875188,87.00905814845048
6625.25946754502,56.35808749059354,87.03605521730675
6686.623886072171,56.43936688912427,87.06281669576849
6748.556673563526,56.52062459005787,87.0893444204774
6811.063094360984,56.601860982194566,87.11564021988275
6874.1484615657855,56.68307644745227,87.14170591393719
6937.818137490124,56.76427136107657,87.16754331404118
7002.0775341129665,56.84544609163997,87.19315422305839
7066.932113540036,56.92660100131344,87.2185404348726
7132.387388468141,57.00773644585129,87.24370373458754
7198.448922653741,57.08885277468746,87.26864589803904
7265.122331385865,57.16995033115402,87.29336869209466
7332.4132819634315,57.25102945250396,87.31787387440481
7400.32749417694,57.33209047003122,87.34216319309407
7468.870740794703,57.41313370916062,87.36623838703338
7538.048848053515,57.49415948955415,87.39010118539072
7607.867696153879,57.57516812527079,87.41375330777193
7678.333219759852,57.65615992474459,87.43719646425204
7749.451408503457,57.73713519096668,87.46043235495236
7821.2283074938605,57.81809422152528,87.48346267038302
7893.6700178311685,57.89903730883011,87.50628909102629
7966.78269712505,57.97996474003124,87.5289132874591
8040.572560018135,58.06087679713261,87.55133692023179
8115.045878714235,58.14177375723773,87.57356163993607
8190.2089835115385,58.222655892412305,87.59558908710855
8266.068263340652,58.30352346994455,87.61742089205823
8342.630166307685,58.38437675237843,87.63905867502574
8419.901200242339,58.46521599757046,87.66050404599116
8497.887933251053,58.54604145875101,87.68175860474715
8576.596994275349,58.62685338470867,87.70282394089529
8656.035073655265,58.70765201972422,87.72370163366516
8736.208923698048,58.788437603769324,87.74439325202034
8817.125359252088,58.8692103724955,87.76490035472442
8898.791258286219,58.94997055740454,87.78522449010636
8981.213562474333,59.03071838578633,87.8053671962129
9064.39927778543,59.111454080942465,87.82533000066256
9148.355475079143,59.19217786215335,87.84511442092288
9233.089290706725,59.27288994479029,87.86472196394634
9318.607927117713,59.35359054029857,87.88415412644883
9404.918653472092,59.43427985650217,87.90341239475643
9492.028806258193,59.51495809732425,87.92249824473579
9579.94578991632,59.595625463146945,87.9414131422098
9668.677077468086,59.67628215076722,87.96015854244676
9758.230211151684,59.756928353379315,87.97873589051196
9848.612803062946,59.83756426079627,87.99714662104522
9939.832535802394,59.91819005931611,88.01539215864968
10031.897163128275,59.99880593205158,88.0334739174451
10124.814510615586,60.07941205870901,88.05139330132518
10218.592476321337,60.160008615759736,88.06915170418445
10313.239031455829,60.24059577668716,88.08675050936912
10408.762221060246,60.32117371159036,88.10419109037728
10505.17016469048,60.40174258769913,88.12147481041549
10602.471057107274,60.48230256915929,88.13860302250528
10700.673168972844,60.562853817245255,88.15557706975022
10799.784847553843,60.643396490158345,88.17239828498398
10899.814517430908,60.72393074352256,88.18906799121012
11000.770681214755,60.80445672993157,88.20558750128193
11102.661920268878,60.88497459932279,88.22195811821373
11205.496895439026,60.965484498933336,88.23818113505077
11309.284347789348,61.04598657331523,88.25425783487003
11414.033099345397,61.126480964431295,88.27018949108876
11519.752053844028,61.206967811719636,88.28597736711362
11626.450197490161,61.28744725210233,88.30162271659529
11734.13659972071,61.36791941998123,88.3171267836185
11842.820413975427,61.4483844473882,88.3324908024145
11952.51087847497,61.52884246388976,88.34771599767781
12063.21731700618,61.60929359683543,88.36280358446848
12174.949139714547,61.68973797121163,88.37775476819489
12287.71584390417,61.77017570978072,88.3925707449406
12401.527014844978,61.850606932986885,88.40725270108186
12516.392326587502,61.931031759223735,88.42180181380337
12632.321542785181,62.01145030473832,88.43621925068553
12749.32451752425,62.09186268353277,88.4505061702816
12867.411196161405,62.17226900774861,88.46466372162865
12986.591616169122,62.25266938737902,88.4786930445289
13106.87590798887,62.333063930434406,88.49259526985043
13228.274295892208,62.413452743020386,88.50637151893602
13350.79709884981,62.49383592933206,88.52002290446528
13474.454731408674,62.5742135915809,88.53355052970748
13599.257704577305,62.654585830218956,88.54695548929898
13725.216626719177,62.7349527438618,88.56023886865978
13852.34220445446,62.81531442936614,88.57340174458581
13980.645243570056,62.89567098175145,88.5864451848503
14110.136649938157,62.97602249439258,88.59937024855749
14240.82743044322,63.056369058971065,88.612177986074
14372.728693917568,63.13671076548178,88.62486943911212
14505.851652085663,63.21704770226041,88.63744564075417
14640.207620517056,63.29737995615311,88.64990761551715
14775.80801958831,63.377707612331555,88.66225637934741
14912.664375453684,63.45803075441026,88.67449293998258
15050.788321024891,63.53834946457955,88.68661829653267
15190.191596959845,63.61866382346407,88.69863343979281
15330.886052660728,63.698973910274965,88.71053935232797
15472.88364728113,63.77927980273004,88.72233700844039
15616.196450742611,63.859581577255334,88.73402737432905
15760.836644760659,63.93987930866817,88.74561140805856
15906.816523880085,64.02017307076491,88.75709005934428
16054.148496520185,64.10046293557654,88.76846427033709
16202.845086029372,64.18074897427914,88.77973497483836
16352.91893174972,64.26103125645584,88.79090309904963
16504.382790091306,64.34130985048314,88.80196956106076
16657.24953561647,64.42158482345201,88.8129352713831
16811.532162134252,64.50185624147994,88.82380113257577
16967.24378380483,64.58212416924822,88.83456803969031
17124.397636254223,64.66238867021345,88.84523688003003
17283.00707769937,64.74264980688429,88.85580853344997
17443.085590083512,64.82290764059668,88.86628387195066
17604.64678022228,64.90316223139669,88.87666376059792
17767.704380960207,64.98341363850417,88.88694905660375
17932.272252338058,65.06366191983189,88.89714060991115
18098.364382770964,65.14390713231762,88.90723926333517
18265.99489023736,65.22414933181564,88.91724585218665
18435.17802347917,65.30438857341841,88.92716120471088
18605.92816321285,65.38462491089118,88.93698614199248
18778.259823351815,65.4648583971713,88.94672147794009
18952.187652240118,65.5450890841752,88.95636801968296
19127.726433897526,65.62531702303903,88.96592656697084
19304.891089276276,65.70554226369572,88.97539791297812
19483.696677529304,65.78576485550126,88.98478284366725
19664.15839729028,65.86598484659694,88.99408213854831
19846.291587965556,65.94620228444415,89.00329656996156
20030.11173103792,66.02641721555821,89.0124269037521
20215.634451382695,66.10662968570637,89.02147389906784
20402.875518595734,66.18683973961527,89.0304383084497
20591.85084833392,66.26704742146788,89.03932087773286
20782.576503668002,66.34725277446474,89.04812234644662
20975.0686964479,66.42745584096859,89.05684344746683
21169.343788680842,66.50765666284757,89.06548490723317
21365.418293922066,66.58785528084682,89.07404744605695
21563.308878678527,66.6680517353167,89.082531777688
21763.032363825565,66.74824606572612,89.09093860953809
21964.60572603661,66.82843831058494,89.09926864326557
22168.046099226354,66.90862850811838,89.10752257393492
22373.37077600706,66.9888166956164,89.11570109055123
22580.597209158463,67.0690029097206,89.12380487619569
22789.7430131113,67.14918718647111,89.13183460770847
23000.825965444463,67.22936956103511,89.13979095627558
23213.86400839625,67.3095500683305,89.14767458682894
23428.87525038936,67.38972874231538,89.15548615868012
23645.877967570173,67.46990561641913,89.16322632518505
23864.890605362245,67.55008072347505,89.17089573385493
24085.931780034105,67.630254095738,89.17849502659102
24309.020280281773,67.71042576481653,89.18602483959326
24534.175068825753,67.79059576185531,89.1934858034238
24761.41528402287,67.8707641173047,89.20087854299187
24990.76024149311,67.9509308610692,89.2082036776453
25222.22943576133,68.03109602258564,89.21546182138803
25455.842541914477,68.1112596308545,89.22265358249332
25691.619417273898,68.19142171400101,89.22977956410688
25929.58010308322,68.27158229996701,89.23684036392484
26169.744826211947,68.3517414160998,89.24383657417053
26412.134000874616,68.43189908908599,89.25076878208762
26656.768230366208,68.51205534538789,89.25763756925477
26903.668308813314,68.59221021079208,89.26444351245038
27152.855222941747,68.67236371069292,89.27118718323062
27404.35015386028,68.75251587002396,89.27786914784362
27658.174478861252,68.8326667132539,89.28448996774426
27914.349773237544,68.91281626432736,89.29105019915384
28172.897812116513,68.99296454695504,89.29755039340783
28433.84057231093,69.0731115841855,89.30399109704048
28697.20023418693,69.15325739872074,89.31037285155294
28962.99918354951,69.23340201292211,89.31669619355897
29231.26001354525,69.31354544875452,89.32296165486005
29502.005526582743,69.3936877276146,89.32916976263034
29775.25873627091,69.47382887073455,89.33532103924749
30051.042869374996,69.55396889878753,89.34141600238715
30329.3813677911,69.6341078320645,89.34745516507999
30610.297890538575,69.71424569063154,89.35343903575964
30893.816315771157,69.79438249399257,89.35936811827148
31179.96074280662,69.87451826164192,89.36524291202711
31468.755494175133,69.9546530122568,89.37106391181817
31760.225117686878,70.03478676451377,89.37683160809824
32054.394388518514,70.1149195365712,89.38254648675594
32351.288311319113,70.19505134640195,89.38820902953617
32650.93212233562,70.27518221144777,89.39381971364983
32953.35129155781,70.35531214909581,89.39937901208717
33258.57152488348,70.4354411761414,89.40488739356155
33566.61876630333,70.51556930936256,89.410345322601
33877.51920010624,70.59569656500241,89.41575325954487
34191.29925310502,70.67582295897463,89.42111166055494
34507.98559688257,70.75594850712629,89.42642097744046
34827.60515005917,70.83607322492364,89.431681658612
35150.18508058049,70.91619712747858,89.43689414756801
35475.7528080269,70.99632022955655,89.44205888453531
35804.336005944155,71.07644254604041,89.44717630531093
36135.96260419563,71.15656409113113,89.4522468418421
36470.66079133649,71.23668487884612,89.4572709223412
36808.45901700967,71.31680492308021,89.46224897108647
37149.38599436412,71.39692423753726,89.4671814082744
37493.4707024955,71.47704283517645,89.47206865064064
37840.742388909275,71.55716072948609,89.47691111100738
38191.230572007014,71.6372779330848,89.48170919846218
38544.96504359531,71.71739445864819,89.48646331837877
38901.97587141815,71.79751031843853,89.49117387243783
39262.29340171277,71.87762552483218,89.49584125873803
39625.94826178892,71.95774008974237,89.50046587178164
39992.971362632474,72.03785402466883,89.50504810236593
40363.39390153269,72.11796734108147,89.50958833801913
40737.24736473411,72.19808005068037,89.51408696240276
41114.56353011291,72.27819216408038,89.51854435607243
41495.374469877905,72.35830369252179,89.52296089569678
41879.712553296966,72.4384146466479,89.52733695490623
42267.61044944825,72.51852503650933,89.53167290392045
42659.10112999716,72.59863487299818,89.53596910920885
43054.217871999004,72.67874416592291,89.54022593451583
43452.994260727406,72.7588529253494,89.54444373968263
43855.46419252933,72.8389611607632,89.54862288168664
44261.66187770616,72.91906888200084,89.55276371413285
44671.621843421584,72.99917609825653,89.55686658746477
45085.37893663655,73.07928281894954,89.56093184867225
45502.96832707109,73.15938905281375,89.56495984210915
45924.425510193985,73.23949480916713,89.56895090847851
46349.78631023983,73.3196000962891,89.57290538589272
46779.08688325411,73.39970492330862,89.57682360872012
47212.36372016654,73.47980929795858,89.58070590898325
47649.653649892665,73.5599132290142,89.58455261519684
48090.99384246463,73.64001672431556,89.5883640531732
48536.42181219046,73.72011979189976,89.59214054571464
48985.97542084291,73.80022243950985,89.59588241255288
49439.69288087756,73.88032467514351,89.59958997036622
49897.612758681214,73.9604265058443,89.6032635335158
50359.77397784985,74.04052793924926,89.60690341309366
50826.21582249724,74.12062898263888,89.61050991721106
51296.977940594144,74.20072964304839,89.61408335168893
51772.10034733829,74.28082992757086,89.61762401891595
52251.62342855591,74.36092984291083,89.6211322190933
52735.58794413448,74.44102939605285,89.62460824937504
53224.03503148728,74.5211285934735,89.62805240442474
53717.00620905027,74.6012274415012,89.6314649758712
54214.5433798109,74.68132594686269,89.63484625303003
54716.68883487028,74.76142411555229,89.63819652255107
55223.48525703769,74.84152195386628,89.64151606818497
55734.97572445877,74.9216194677696,89.6448051713387
56251.2037142772,75.00171666318506,89.64806411096795
56772.21310633014,75.08181354602267,89.65129316301052
57298.04818687834,75.16191012180619,89.65449260141631
57828.75365237024,75.24200639624239,89.65766269727541
58364.37461324141,75.32210237499943,89.6608037194549
58904.95659774889,75.40219806307645,89.66391593418288
59450.54555584098,75.48229346615602,89.66699960556518
60001.18786306334,75.5623885893787,89.67005499460242
60556.93032450073,75.64248343777757,89.6730823607328
61117.82017875558,75.72257801627414,89.67608196057934
61683.905101963304,75.80267232999658,89.67905404847762
62255.233211844585,75.88276638365397,89.68199887659988
62831.853071795864,75.96286018217174,89.6849166943777
